#hit_count
1
1
1
4
5
4
5
5
6
5
6
13
11
14
19
15
27
19
22
21
1
0
8
1
2
8
1
1
3
3
1
6
2
3
6
4
5
0
8
3
6
7
4
1
6
8
5
4
3
0
10
4
6
6
5
3
6
4
3
7
7
0
5
12
3
3
7
3
12
8
2
9
0
8
12
4
8
6
7
16
2
14
0
14
6
5
11
2
1
11
7
0
6
13
7
2
26
1
0
18
14
0
2
7
19
9
3
8
14
0
3
3
9
3
3
7
3
9
2
0
14
0
3
4
5
7
0
5
13
6
2
1
3
11
3
7
6
5
2
7
8
5
13
1
4
9
1
9
3
5
1
9
11
7
5
5
7
6
3
5
5
10
4
0
9
4
7
3
14
0
1
10
9
1
8
3
8
11
3
3
19
6
5
3
14
3
6
3
11
3
15
1
16
5
4
15
6
3
2
13
5
0
4
22
0
11
9
4
1
14
14
0
16
13
8
8
21
4
7
0
24
4
22
10
20
19
3
6
12
5
17
10
1
24
16
16
1
22
5
15
15
9
17
17
1
19
16
7
16
1
11
10
26
0
13
10
10
20
0
12
20
18
5
6
22
14
0
6
7
12
3
11
10
11
10
9
4
10
15
21
0
10
5
11
1
19
0
22
1
7
3
6
15
0
12
24
0
4
22
2
3
8
5
20
0
4
9
9
10
8
9
3
12
8
7
4
3
3
8
4
6
1
5
11
8
3
4
0
10
3
2
0
11
6
4
2
3
1
0
0
4
5
4
0
4
3
4
0
1
2
0
0
0
0
0
0
0
0
0
0
0
0
0
0
0
0
0
0
0
0
0
0
0
0
0
0
0
0
0
0
0
0
0
0
0
0
0
0
0
0
0
0
0
0
0
0
0
0
0
0
0
0
0
0
0
0
0
0
0
0
0
0
0
0
0
0
0
0
0
0
0
0
0
0
0
0
0
0
0
0
0
0
0
0
0
0
0
0
0
0
0
0
0
0
0
0
0
0
0
0
0
0
0
0
0
0
0
0
0
0
0
0
0
0
0
0
0
0
0
0
0
0
0
0
0
0
0
0
0
0
0
0
0
0
0
0
0
0
0
0
0
0
0
0
0
0
0
0
0
0
0
0
0
0
0
0
0
0
0
0
0
0
0
0
0
0
0
0
0
0
0
0
0
0
0
0
0
0
0
0
0
0
0
0
0
0
0
0
0
0
0
0
0
0
0
0
0
0
0
0
0
0
0
0
0
0
0
0
0
0
0
0
0
0
0
0
0
0
0
0
0
0
0
0
0
0
0
0
0
0
0
0
0
0
0
0
0
0
0
0
0
0
0
0
0
0
0
0
0
0
0
0
0
0
0
0
0
0
0
0
0
0
0
0
0
0
0
0
0
0
0
0
0
0
0
0
0
0
0
0
0
0
0
0
0
0
0
0
0
0
0
0
0
0
0
0
0
0
0
0
0
0
0
0
0
0
0
0
0
0
0
0
0
0
0
0
0
0
0
0
0
0
0
0
0
0
0
0
0
0
0
0
0
0
0
0
