#hit_count
0
0
0
0
0
0
0
0
0
0
0
0
0
0
0
0
0
0
0
0
0
0
0
0
0
0
0
0
0
0
0
0
0
0
0
0
0
0
0
0
0
0
0
0
0
0
0
0
0
0
0
1
0
0
0
0
0
0
0
0
0
0
0
0
0
0
0
0
0
0
0
0
0
0
0
0
0
0
0
0
0
0
0
0
0
0
0
0
0
0
0
0
0
0
0
0
0
0
0
0
0
0
0
0
0
0
0
0
0
0
0
0
0
0
0
0
0
0
0
0
0
0
0
0
0
0
0
0
0
0
0
0
0
0
0
0
0
0
0
0
0
0
0
0
0
0
0
0
0
0
0
0
0
0
0
0
0
0
0
0
0
0
0
0
0
0
0
0
0
1
0
0
0
0
0
0
0
0
0
0
0
0
0
0
0
0
0
0
0
0
0
0
0
0
0
0
0
0
0
0
0
0
0
0
1
0
0
0
0
0
0
0
0
0
0
0
0
0
0
0
0
0
0
0
0
0
0
0
0
0
0
0
0
0
0
0
0
0
0
0
0
0
0
0
0
0
0
0
1
1
1
0
0
0
0
0
0
0
0
0
0
0
0
0
0
2
1
0
0
1
0
0
0
0
1
1
0
1
0
0
2
1
0
2
3
1
1
1
1
0
0
1
3
0
0
1
1
0
0
3
1
0
1
4
1
3
6
2
0
1
2
2
1
0
0
3
1
1
3
1
2
0
1
2
2
3
4
3
5
1
1
0
3
3
5
1
3
3
2
2
7
1
0
3
3
2
2
1
2
2
1
2
3
4
0
1
2
4
11
1
0
2
2
4
6
1
5
5
1
0
5
5
3
2
5
1
4
3
2
3
1
7
5
3
12
5
3
5
5
2
7
2
4
3
5
1
11
3
9
5
4
4
5
8
5
4
14
5
5
5
5
5
6
7
10
10
9
6
7
3
6
4
7
6
9
10
6
7
6
8
9
5
3
3
3
5
7
11
9
10
6
5
7
5
7
13
5
10
10
10
6
7
11
12
8
5
11
4
7
22
7
6
9
13
5
7
5
10
9
16
8
12
8
7
9
6
17
4
5
4
11
12
9
13
8
8
11
7
7
10
6
20
6
10
4
12
11
7
19
5
10
15
8
13
7
8
13
9
8
11
13
10
10
9
6
7
18
11
5
11
6
19
6
13
6
5
3
11
10
5
5
21
20
8
8
9
10
2
9
12
13
7
13
10
5
9
8
19
3
9
3
8
12
8
13
16
24
13
5
8
9
6
12
4
9
6
4
12
7
8
6
6
7
7
10
5
13
15
12
5
6
10
3
10
6
6
10
4
12
7
9
8
6
9
15
9
4
4
9
5
6
6
8
3
4
9
3
8
7
13
10
2
21
8
14
22
13
15
7
10
9
8
11
7
2
5
4
2
0
1
0
0
5
0
0
4
1
0
0
0
1
2
1
2
2
2
1
5
2
4
0
2
4
2
0
3
4
4
6
4
0
6
2
5
3
1
2
2
1
2
2
2
1
1
0
0
0
0
0
0
0
0
0
0
0
0
